,BEH,BIO,CON,DATA,FISH,GEN,MOV,TRO
BEH,265,62,63,262,51,216,103,69
BIO,62,2092,122,2091,299,1462,257,281
CON,63,122,858,511,190,658,327,180
DATA,262,2091,511,4545,1243,3418,1011,1016
FISH,51,299,190,1243,1583,1209,351,270
GEN,216,1462,658,3418,1209,7992,1272,1074
MOV,103,257,327,1011,351,1272,1442,359
TRO,69,281,180,1016,270,1074,359,1318
